function [mpc,branch] = case300
baseMVA = 100.0;

%      bus type  Pdemand     Qdemand      Gshunt      Bshunt     Vmodule      Vangle    baseKV        Vmax        Vmin
bus = [
     1     1     90.0000     49.0000      0.0000      0.0000      1.0284      5.9500    115.0000      1.0600      0.9400
     2     1     56.0000     15.0000      0.0000      0.0000      1.0354      7.7400    115.0000      1.0600      0.9400
     3     1     20.0000      0.0000      0.0000      0.0000      0.9971      6.6400    230.0000      1.0600      0.9400
     4     1      0.0000      0.0000      0.0000      0.0000      1.0308      4.7100    345.0000      1.0600      0.9400
     5     1    353.0000    130.0000      0.0000      0.0000      1.0191      4.6800    115.0000      1.0600      0.9400
     6     1    120.0000     41.0000      0.0000      0.0000      1.0312      6.9900    115.0000      1.0600      0.9400
     7     1      0.0000      0.0000      0.0000      0.0000      0.9934      6.1900    230.0000      1.0600      0.9400
     8     2     63.0000     14.0000      0.0000      0.0000      1.0153      2.4000    115.0000      1.0600      0.9400
     9     1     96.0000     43.0000      0.0000      0.0000      1.0034      2.8500    115.0000      1.0600      0.9400
    10     2    153.0000     33.0000      0.0000      0.0000      1.0205      1.3500    230.0000      1.0600      0.9400
    11     1     83.0000     21.0000      0.0000      0.0000      1.0057      2.4600    115.0000      1.0600      0.9400
    12     1      0.0000      0.0000      0.0000      0.0000      0.9974      5.2100    230.0000      1.0600      0.9400
    13     1     58.0000     10.0000      0.0000      0.0000      0.9977     -0.5500    115.0000      1.0600      0.9400
    14     1    160.0000     60.0000      0.0000      0.0000      0.9991     -4.8100    115.0000      1.0600      0.9400
    15     1    126.7000     23.0000      0.0000      0.0000      1.0343     -8.5900    115.0000      1.0600      0.9400
    16     1      0.0000      0.0000      0.0000      0.0000      1.0315     -2.6500    345.0000      1.0600      0.9400
    17     1    561.0000    220.0000      0.0000      0.0000      1.0649    -13.1000    115.0000      1.0600      0.9400
    18     1      0.0000      0.0000      0.0000      0.0000      0.9820      1.0800    230.0000      1.0600      0.9400
    19     2    605.0000    120.0000      0.0000      0.0000      1.0010     -2.4600    115.0000      1.0600      0.9400
    20     1     77.0000      1.0000      0.0000      0.0000      0.9752      1.6200    230.0000      1.0600      0.9400
    21     1     81.0000     23.0000      0.0000      0.0000      0.9963     -1.9700    115.0000      1.0600      0.9400
    22     1     21.0000      7.0000      0.0000      0.0000      1.0501      3.9400    115.0000      1.0600      0.9400
    23     1      0.0000      0.0000      0.0000      0.0000      1.0057      6.0200    230.0000      1.0600      0.9400
    24     1     45.0000     12.0000      0.0000      0.0000      1.0234      1.4400    115.0000      1.0600      0.9400
    25     1     28.0000      9.0000      0.0000      0.0000      0.9986     -1.7300    115.0000      1.0600      0.9400
    26     1     69.0000     13.0000      0.0000      0.0000      0.9750     -4.9000    115.0000      1.0600      0.9400
    27     1     55.0000      6.0000      0.0000      0.0000      1.0244    -12.0200    115.0000      1.0600      0.9400
    28     1      0.0000      0.0000      0.0000      0.0000      1.0414     -7.9400    345.0000      1.0600      0.9400
    29     1      0.0000      0.0000      0.0000      0.0000      0.9757    -25.7200    115.0000      1.0600      0.9400
    30     1      0.0000      0.0000      0.0000      0.0000      1.0011    -22.5900    230.0000      1.0600      0.9400
    31     1     85.0000     32.0000      0.0000      0.0000      1.0201    -11.2300    115.0000      1.0600      0.9400
    32     1    155.0000     18.0000      0.0000      0.0000      1.0202    -12.5600    115.0000      1.0600      0.9400
    33     1      0.0000      0.0000      0.0000      0.0000      1.0535     -5.8100    345.0000      1.0600      0.9400
    34     1     46.0000    -21.0000      0.0000      0.0000      1.0216    -12.7800    115.0000      1.0600      0.9400
    35     1     86.0000      0.0000      0.0000      0.0000      1.0292    -10.4500    115.0000      1.0600      0.9400
    36     1      0.0000      0.0000      0.0000      0.0000      1.0448     -7.4400    345.0000      1.0600      0.9400
    37     1     39.0000      9.0000      0.0000      0.0000      1.0006    -16.7900    115.0000      1.0600      0.9400
    38     1    195.0000     29.0000      0.0000      0.0000      1.0086    -17.4700    115.0000      1.0600      0.9400
    39     1      0.0000      0.0000      0.0000      0.0000      1.0215    -14.7400    230.0000      1.0600      0.9400
    40     1      0.0000      0.0000      0.0000      0.0000      1.0344    -11.7500    345.0000      1.0600      0.9400
    41     1     58.0000     11.8000      0.0000      0.0000      0.9777    -23.1700    115.0000      1.0600      0.9400
    42     1     41.0000     19.0000      0.0000      0.0000      1.0019    -16.0900    115.0000      1.0600      0.9400
    43     1     92.0000     26.0000      0.0000      0.0000      1.0475     -2.9500    115.0000      1.0600      0.9400
    44     1     -5.0000      5.0000      0.0000      0.0000      1.0253     -8.1500    115.0000      1.0600      0.9400
    45     1     61.0000     28.0000      0.0000      0.0000      0.9979    -11.8600    115.0000      1.0600      0.9400
    46     1     69.0000      3.0000      0.0000      0.0000      0.9959    -17.6000    115.0000      1.0600      0.9400
    47     1     10.0000      1.0000      0.0000      0.0000      1.0050    -16.2500    115.0000      1.0600      0.9400
    48     1     22.0000     10.0000      0.0000      0.0000      1.0150    -12.2100    115.0000      1.0600      0.9400
    49     1     98.0000     20.0000      0.0000      0.0000      1.0335     -8.0000    115.0000      1.0600      0.9400
    50     1     14.0000      1.0000      0.0000      0.0000      0.9918     -5.9900    115.0000      1.0600      0.9400
    51     1    218.0000    106.0000      0.0000      0.0000      0.9789     -5.2900    115.0000      1.0600      0.9400
    52     1      0.0000      0.0000      0.0000      0.0000      1.0246     -9.5600    230.0000      1.0600      0.9400
    53     1    227.0000    110.0000      0.0000      0.0000      0.9906     -3.4700    115.0000      1.0600      0.9400
    54     1      0.0000      0.0000      0.0000      0.0000      1.0160     -1.1000    230.0000      1.0600      0.9400
    55     2     70.0000     30.0000      0.0000      0.0000      0.9583    -17.6200    115.0000      1.0600      0.9400
    56     1      0.0000      0.0000      0.0000      0.0000      0.9480    -12.9700    230.0000      1.0600      0.9400
    57     1      0.0000      0.0000      0.0000      0.0000      0.9630    -25.6600    115.0000      1.0600      0.9400
    58     1     56.0000     20.0000      0.0000      0.0000      0.9513    -35.1600    115.0000      1.0600      0.9400
    59     1    116.0000     38.0000      0.0000      0.0000      0.9793    -29.8800    115.0000      1.0600      0.9400
    60     1     57.0000     19.0000      0.0000      0.0000      0.9696    -27.4800    115.0000      1.0600      0.9400
    61     1    224.0000     71.0000      0.0000      0.0000      0.9775    -25.7700    115.0000      1.0600      0.9400
    62     1      0.0000      0.0000      0.0000      0.0000      0.9964    -22.0000    230.0000      1.0600      0.9400
    63     2    208.0000    107.0000      0.0000      0.0000      0.9632    -26.5400    115.0000      1.0600      0.9400
    64     1     74.0000     28.0000      0.0000      0.0000      0.9837    -24.9400    115.0000      1.0600      0.9400
